0.000000000000000000e+00
7.000000000000000000e+00
1.000000000000000000e+02
1.100000000000000000e+02
1.280000000000000000e+02
2.080000000000000000e+02
2.120000000000000000e+02
2.200000000000000000e+02
2.280000000000000000e+02
2.300000000000000000e+02
2.460000000000000000e+02
2.650000000000000000e+02
2.950000000000000000e+02
3.040000000000000000e+02
3.370000000000000000e+02
3.530000000000000000e+02
3.760000000000000000e+02
4.200000000000000000e+02
4.400000000000000000e+02
4.680000000000000000e+02
4.800000000000000000e+02
4.950000000000000000e+02
5.040000000000000000e+02
5.100000000000000000e+02
5.190000000000000000e+02
5.860000000000000000e+02
6.320000000000000000e+02
6.730000000000000000e+02
7.430000000000000000e+02
7.780000000000000000e+02
8.350000000000000000e+02
8.520000000000000000e+02
8.570000000000000000e+02
8.780000000000000000e+02
9.080000000000000000e+02
9.160000000000000000e+02
9.200000000000000000e+02
9.580000000000000000e+02
9.770000000000000000e+02
1.010000000000000000e+03
1.029000000000000000e+03
1.032000000000000000e+03
1.057000000000000000e+03
1.109000000000000000e+03
1.110000000000000000e+03
1.170000000000000000e+03
1.174000000000000000e+03
1.212000000000000000e+03
1.235000000000000000e+03
1.336000000000000000e+03
1.406000000000000000e+03
1.432000000000000000e+03
1.463000000000000000e+03
1.470000000000000000e+03
1.471000000000000000e+03
1.481000000000000000e+03
1.510000000000000000e+03
1.515000000000000000e+03
1.547000000000000000e+03
1.578000000000000000e+03
1.580000000000000000e+03
1.629000000000000000e+03
1.640000000000000000e+03
1.682000000000000000e+03
1.683000000000000000e+03
1.685000000000000000e+03
1.689000000000000000e+03
1.736000000000000000e+03
1.759000000000000000e+03
1.769000000000000000e+03
1.789000000000000000e+03
1.806000000000000000e+03
1.840000000000000000e+03
1.845000000000000000e+03
1.846000000000000000e+03
1.848000000000000000e+03
1.849000000000000000e+03
1.907000000000000000e+03
1.914000000000000000e+03
1.918000000000000000e+03
1.933000000000000000e+03
1.937000000000000000e+03
1.943000000000000000e+03
1.963000000000000000e+03
1.978000000000000000e+03
1.979000000000000000e+03
