-1.622238786459976723e+02
-1.725236412404765360e+02
-1.120862242183380602e+02
-1.601637472721038478e+02
-1.709300336021341309e+02
-1.622482382488341841e+02
-1.756110575017510200e+02
-1.751065264124326859e+02
-1.712149937808458731e+02
-1.747879063206478634e+02
-1.752829132969641535e+02
-1.730241205897906411e+02
-1.735968613774430764e+02
-1.716033608836605424e+02
-1.674747767280371420e+02
-1.774009431287533687e+02
-1.429710466575397732e+02
-1.597205971239317819e+02
-1.734242014486968060e+02
-1.196071321885012964e+02
-1.640967714169298119e+02
-1.508425754509516707e+02
-1.681910161557963193e+02
-1.738746093089037288e+02
-1.579269867670355723e+02
-1.719998261548210507e+02
-1.175259514741597116e+02
-1.578390837831859983e+02
-1.712128589714203883e+02
-1.103740994480684350e+02
-1.711842854215075818e+02
-1.320507453193727656e+02
-1.575320904989509359e+02
-1.775441383755116078e+02
-1.537608443543602448e+02
-1.771902768530614765e+02
-1.670463689550576873e+02
-1.685643605217870231e+02
-1.744884803296653502e+02
-1.755599178460122971e+02
-1.467503033198808282e+02
-1.441117843140929722e+02
-1.715625076053171654e+02
-1.736009894671541929e+02
-1.759222922220045291e+02
-1.518730451099720824e+02
-1.744780213422850466e+02
-1.725118094277867726e+02
-1.719951902489450788e+02
-1.721842241394265614e+02
-1.672404299640697616e+02
-1.762515764532511469e+02
-1.683525782853851354e+02
-1.689871436196410741e+02
-1.752564376360682843e+02
-4.385597500738418120e+01
-1.737151872051631187e+02
-1.745432967035283696e+02
-1.754170392173361392e+02
-1.474761322387180940e+02
-1.666678660014460149e+02
-1.708501316202132045e+02
-1.738240398432689346e+02
-1.525700413666365591e+02
-1.492969339350105713e+02
-1.621684531316528250e+02
-1.273196545484209423e+02
-1.460800166250230916e+02
-1.530310617327003229e+02
-1.021236359298193719e+02
-1.391362167828927738e+02
-7.453370834976821868e+01
-1.747124666033064386e+02
-1.736502713498673813e+02
-1.558706754554053759e+02
-1.757613197168915065e+02
-1.751722210603175540e+02
-1.167104156198477369e+02
-1.633561629222140823e+02
-1.418928107927288522e+02
-1.688422968104617325e+02
-1.570584117797891679e+02
-1.706283091497294038e+02
-1.609600154922850663e+02
-1.622288564194008416e+02
-1.657906073575085770e+02
-1.761262307682214612e+02
-1.685988295790291716e+02
-1.753382031435017439e+02
-1.759793764744129874e+02
-1.781004695191383576e+02
-1.766488707356137695e+02
-1.713546465677373192e+02
-1.658784367019052866e+02
-7.522842244463072348e+01
-1.706509013077362908e+02
-1.762906230805999428e+02
-1.502149645551122035e+02
-1.674200248723703908e+02
-1.728944837127231438e+02
-1.758724397246898263e+02
-1.743010005467470478e+02
-1.538082590679563282e+02
-1.530831285238990915e+02
-1.712630417006735968e+02
-1.612222123615352984e+02
-1.722848973804780712e+02
-9.339435024248157902e+01
-1.738192331859456203e+02
-1.651584860846380138e+02
-1.704024558784029466e+02
-1.771686493659005350e+02
-1.628172174868663546e+02
-1.654945668874450746e+02
-4.643989510617539054e+02
-1.756500444654147941e+02
-1.699199092515342784e+02
-1.747789437826249070e+02
-1.777682229911017942e+02
-1.427850465726495486e+02
-1.698221491879997984e+02
-1.745103022231314753e+02
-1.313694948006166499e+02
-1.765389251766785321e+02
-1.710239994950387654e+02
-1.649996104943743092e+02
-1.395910365666150597e+02
-1.496863474326268317e+02
-1.710542305612239034e+02
-1.735673142857724542e+02
-1.721190005804988346e+02
-1.730554146905399193e+02
-1.530170378904824986e+02
-1.203265893136773599e+02
-1.532923901478444293e+02
-1.773599750673414519e+02
-1.748130327866018945e+02
-1.571964541832499833e+02
-1.519747287560460052e+02
-1.739556425661026822e+02
-8.845094358991541128e+01
-1.269120570720264425e+02
-1.745369103327276719e+02
-1.643761410272674084e+02
-6.171907215828681359e+01
-1.717696398675564637e+02
-1.542112436565862765e+02
-1.759833889511083100e+02
-1.279420434268985360e+02
-1.730104434369576154e+02
-1.701302059476234660e+02
-1.770478862497090802e+02
-1.730148153896680299e+02
-1.769779292783458402e+02
-1.285184106569184621e+02
-1.691058333098515902e+02
-1.669729412503200194e+02
-1.765663524496762022e+02
-1.622823462463585997e+02
-1.709000950093682434e+02
-1.744173403242467089e+02
-1.737280671677888790e+02
-9.971674512631471998e+01
-1.777997848029090733e+02
-1.762249351566485416e+02
-1.734932649478056419e+02
-1.769331604393795772e+02
-1.698900550984203335e+02
-1.607515674697339136e+02
-1.636964266620019828e+02
-1.639441376369785530e+02
-1.755471213162172148e+02
-1.642636797974633396e+02
-1.755425101563756698e+02
-1.209721718333596527e+02
-1.737746273050857155e+02
-1.543609841396591378e+02
-1.508355283468812047e+02
-1.327917730381438446e+02
-1.752369260219293210e+02
-1.770883983516945079e+02
-1.707784969553348446e+02
-1.738785335526798690e+02
-1.673656321661820812e+02
-1.758482578094829307e+02
-1.757762466778000601e+02
-1.707844564203059292e+02
-1.486271254639353856e+02
-1.604140010640279570e+02
-1.731438273164383759e+02
-1.524235909469405783e+02
-1.708913556809025351e+02
-1.746614305685257023e+02
-1.668663889131261158e+02
-1.483106786938507184e+02
-1.730733983608633935e+02
-5.527168010469278414e+01
-1.731682038257090142e+02
-1.722429915684444097e+02
-1.244554008449212148e+02
-1.658060960675490492e+02
-1.460128214868900614e+02
-1.187888112705988561e+02
-1.746883179213652966e+02
-1.347519913673141332e+02
-1.573038749364540934e+02
-9.443722636152070038e+01
-1.731622476533156600e+02
-1.482344863612734684e+02
-1.617746641928264637e+02
-1.304243389484599049e+02
-1.587368978074441088e+02
-1.579823587593052991e+02
-1.676635256935378493e+02
-1.683505807329118795e+02
-1.541702555186137715e+02
-1.653991144501276267e+02
-1.772786425583670109e+02
-1.741684184915725666e+02
-1.655434975473565942e+02
-1.713352948068855426e+02
-1.554465603928590838e+02
-1.738472471255414291e+02
-1.622408737620416730e+02
-1.429500327544800200e+02
-1.755048009305540404e+02
-1.727047062112534661e+02
-1.706817444913289137e+02
-1.662030409012923826e+02
-1.310393449996708455e+02
-1.633510436006231146e+02
-1.735700994092279927e+02
-1.711675259859991058e+02
-1.607597474654387213e+02
-1.469488101741220589e+02
-1.670060280535074639e+02
-1.763110045148565916e+02
-1.734540812594266015e+02
-1.707915280527197410e+02
-1.630629943309470775e+02
-1.464257982025925742e+02
-1.769738920964331328e+02
-1.654675826702346626e+02
-1.619208123511675979e+02
-1.626004385651480391e+02
-1.601587144582301505e+02
-1.448055028885612217e+02
-1.731659296994293413e+02
-1.567133707764171788e+02
-1.492255572776099655e+02
-1.477649666167459941e+02
-6.741673006593092055e+01
-1.752032363858593271e+02
-1.657912479080933110e+02
-1.535207352909615111e+02
-1.567790766217873966e+02
-1.731356641292067309e+02
-1.757178961489852611e+02
-1.674476837523590689e+02
-1.680956666156139647e+02
-1.666305646879065421e+02
-1.519267347963967723e+02
-1.509328527670099618e+02
-1.772585836307363820e+02
-1.741485713419959325e+02
-1.737276802980715047e+02
-1.720792267179739952e+02
-1.767763064945503118e+02
-1.604581087016886158e+02
-1.752108217093762335e+02
-1.198209052425583678e+02
-1.715350059282266670e+02
-1.226362407163077535e+02
-1.724373525557760161e+02
-1.765400739434354875e+02
-1.767433679662053123e+02
-9.794002560871014396e+01
-1.668396227815689770e+02
-1.502670532705247126e+02
-1.746046381255787310e+02
-1.654402317523861825e+02
-1.421446226950110372e+02
-1.720375007051734997e+02
-1.733905402240349645e+02
-3.109733398972952401e+01
-1.604134021114890345e+02
-1.300291639405425030e+02
-1.726281261654058881e+02
-1.534416447063124735e+02
-1.668454511611301712e+02
-1.588086415437210519e+02
-1.671380075968937433e+02
-1.539993093248633613e+02
-1.475592835349653456e+02
-1.759085289124810743e+02
-1.492567291393709468e+02
-1.641329446144331428e+02
-1.729217624523701886e+02
-1.424816228208892426e+02
-1.448457511761590979e+02
-1.544042707798708989e+02
-1.650799577062722108e+02
-1.604661069879209663e+02
-1.268361832051843976e+02
-1.675430611325104735e+02
-1.718998381127965160e+02
-1.502305311495818216e+02
-1.754512783764623407e+02
-1.639099119502095903e+02
-1.736943009425517914e+02
-1.681492896014892438e+02
-1.698691938294670933e+02
-1.136401447685445447e+02
-1.761456926181776907e+02
-1.638771732323510548e+02
-1.536681311702648998e+02
-1.750858391548507598e+02
-1.494575567139481507e+02
-1.507889904630558533e+02
-1.760112119484084019e+02
-1.651833020387449551e+02
-1.630260456470380177e+02
-1.454612865078761672e+02
-1.747448645910737639e+02
-1.593073514971491420e+02
-8.996547552279469073e+01
-1.746033330103610979e+02
-1.538733815937289080e+02
-8.130601585474606452e+01
-1.574597076951097847e+02
-1.478416252300284555e+02
-1.675260425575305590e+02
-1.631970341762628038e+02
-1.550222396067921693e+02
-1.733744933377174675e+02
-1.683730503253938195e+02
-1.773800243430934813e+02
-1.712520302214748824e+02
-1.631598914724502265e+02
-1.768564112965369759e+02
-1.708275121093210771e+02
-1.762548605518922216e+02
-1.277373509075976443e+02
-1.644561103437630720e+02
-1.732349781996222475e+02
-1.677822344099494956e+02
-1.646567858638362623e+02
-1.532783894461892942e+02
-1.752961709236954277e+02
-1.742224571259270647e+02
-1.758770611405027466e+02
-1.690622919220861320e+02
-1.709303016234019026e+02
-1.756074253667615324e+02
-1.734113060327248945e+02
-1.715565513567319158e+02
-1.436139206483759096e+02
-1.720938819187703359e+02
-1.635680523660346353e+02
-1.672839978611674780e+02
-1.735492377130559873e+02
-1.494711726003455112e+02
-1.598119833774412939e+02
-1.729742628379572693e+02
-1.719133891735089890e+02
-1.271971381237149217e+02
-1.744486073088498586e+02
-1.750669106888777264e+02
-1.702773886502075982e+02
-1.106151054123562290e+02
-1.593482284929365846e+02
-1.722672997009442213e+02
-1.626647139787045546e+02
-1.593423917676433348e+02
-1.700384005652984172e+02
-1.746089300985833290e+02
-1.749760731257559883e+02
-1.484221134802414213e+02
-5.990402729465824194e+01
-1.726069400823010653e+02
-1.483668049449239277e+02
-1.760225193187764603e+02
-1.727796868942817810e+02
-1.648157428297498655e+02
-1.721891413974283580e+02
-1.665601403854785758e+02
-1.700805774353905520e+02
-1.738599674634556607e+02
-1.478783461410308178e+02
-1.691114553726839631e+02
-1.584496411673470107e+02
-1.272987842180761362e+02
-1.665219347722742214e+02
-1.734581229611505080e+02
-1.597324127404045839e+02
-1.718769832723957620e+02
-1.770948160509639422e+02
-9.408323886123781676e+01
-1.725333231223736163e+02
-1.762836099608294660e+02
-1.736828147607238861e+02
-1.734955900981552475e+02
-1.589358284409267128e+02
-1.363339786009459544e+02
-1.524524058536839846e+02
-1.748275334212833343e+02
-1.657313562352196072e+02
-1.583015390192405221e+02
-1.746870629648955457e+02
-1.772174105886746531e+02
-1.749496000662686299e+02
-1.714299274930356205e+02
-1.734667727587138870e+02
-1.764651209860884080e+02
-1.672150441110207453e+02
-1.713814928803645046e+02
-1.709052090192966489e+02
-1.643857613570093008e+02
-1.453841034685988518e+02
-1.562102460830952850e+02
-1.713239847534748321e+02
-1.758908143273905864e+02
-1.349162226672003442e+02
-1.660486725886829049e+02
-1.766838729809171014e+02
-1.755938663249495733e+02
-1.697403402321463091e+02
-1.745418538197844498e+02
-1.635031853878304844e+02
-1.674797778488095048e+02
-1.513595593140676954e+02
-1.752352350465367294e+02
-1.766375747178359177e+02
-1.766778542522684177e+02
-1.715281469881694250e+02
-1.448710194352034080e+02
-1.758161902142013560e+02
-1.757830347104276143e+02
-1.479778218280313240e+02
-1.762637705528921970e+02
-9.276350765168828616e+01
-1.754146493365414585e+02
-1.391933132586558202e+02
-1.711922867145981115e+02
-1.733657296632246982e+02
-1.609464943205590259e+02
-1.743767428683067635e+02
-1.748243772161565914e+02
-1.757099927134811708e+02
-1.753995853935156504e+02
-1.524488122200846476e+02
-1.743525085466915527e+02
-1.316845681249722304e+02
-1.629658633402347334e+02
-1.743869950763646557e+02
-1.704516810144917258e+02
-1.765320195582096972e+02
-6.038435032679112169e+01
-1.678094704494895950e+02
-1.733927883443930114e+02
-1.754653791806432253e+02
-1.622210005085824207e+02
-1.214845718731925643e+02
-1.698390962677840434e+02
-1.650897014478131268e+02
-1.635346227728540498e+02
-1.749756023442875232e+02
-1.669231454261590102e+02
-1.579547606722741193e+02
-1.694996218813242308e+02
-1.664187027928932423e+02
-1.728202846522681284e+02
-1.716182923453323497e+02
-1.603913279711956363e+02
-1.668328053633656509e+02
-1.687794086605761095e+02
-1.761386474379522156e+02
-1.695417501491597818e+02
-1.612804470786911963e+02
-1.684452306493115827e+02
-1.681090333926568690e+02
-1.771596079583963217e+02
-1.552190774289024944e+02
-1.660204454505987428e+02
-1.433243688639246045e+02
-1.604240296108195594e+02
-1.748125106191520501e+02
-1.698170604139107809e+02
-1.743812097751487045e+02
-1.749242772756066984e+02
-1.753650360980595337e+02
-1.643048740480793128e+02
-1.647497108613604269e+02
-9.742736991518439993e+01
-8.065765960773669008e+01
-1.733350258236976345e+02
-1.703412051791136150e+02
-1.734847060607618232e+02
-1.625187255076611450e+02
-1.693213835504145095e+02
-1.552759263871771225e+02
-1.713289429428434403e+02
-1.584758773435556520e+02
-1.668151013825523421e+02
-1.760378719963771061e+02
-1.763559616103547683e+02
-1.601805021905222475e+02
-1.742027011426570482e+02
-1.506625309915059461e+02
-1.314263262320375532e+02
-1.754790572504999773e+02
-1.709369721055629441e+02
-9.382169159035818495e+01
-1.591855585415633811e+02
-1.582278637643607908e+02
-9.075481829829124081e+01
-1.589025843042264512e+02
-1.666521616847094549e+02
-1.753805261196888239e+02
-1.742214282307677991e+02
-1.755465140941380753e+02
-1.656814967908380254e+02
-1.724791923693140063e+02
-1.764876301330410797e+02
-1.486178961590895256e+02
-1.726661208005709511e+02
-1.732127963566629489e+02
-1.671130819536897434e+02
-1.599222715984761862e+02
-1.656779594657597556e+02
-1.754438542531962071e+02
-1.714099969596088044e+02
-1.774434436456286051e+02
-1.408827597033435950e+02
-6.032435095125154589e+01
-1.733723363292432396e+02
-1.726918157423115758e+02
-1.739032419129664788e+02
-1.682500765616440219e+02
-1.661748400684550688e+02
-1.672604014724016679e+02
-1.695787994879857763e+02
-1.636706310272485609e+02
-1.756826259096255285e+02
-1.453862098149145652e+02
-1.619896557618651514e+02
-1.724677559407843148e+02
-1.033468880518315416e+02
-1.653419586861967048e+02
-1.754606727673449029e+02
-1.655484242939686794e+02
-1.751026996697738127e+02
-1.747812784678441744e+02
-9.202345480259063493e+01
-1.307590536471698783e+02
-1.775310556254737833e+02
-1.463354232221487052e+02
-1.775804973124936907e+02
-1.578127182984709975e+02
-1.235571908351313937e+02
-1.774438038781202067e+02
-1.341211620665617943e+02
-1.773177541909958563e+02
-1.666928671371982489e+02
-1.684846429731982766e+02
-1.410329808646660013e+02
-1.683951161607722327e+02
-1.172511561903314856e+02
-1.650614486357862631e+02
-1.766666278303314925e+02
-1.684417946757616846e+02
-1.215224405414094662e+02
-6.366045988451275406e+01
-1.041967728985871275e+02
-1.543377810941994142e+02
-1.574889319046372407e+02
-1.439423453181973684e+02
-1.666490755761130913e+02
-1.742144126646937536e+02
-1.720027451419690010e+02
-1.706365170588740057e+02
-1.571703755636875997e+02
-1.756583908832353984e+02
-1.606955247249620982e+02
-1.690310112746461186e+02
-1.325762174723127202e+02
-1.730000042322549518e+02
-1.716388899903778054e+02
-1.593324792556439888e+02
-1.423218790758446914e+02
-1.761839762083297956e+02
-1.322128464276057116e+02
-1.757554024894338340e+02
-1.672112183234815177e+02
-1.695827277672104572e+02
-1.631120153408236035e+02
-1.717020982903834181e+02
-1.476654362266961300e+02
-1.658443920388818356e+02
-1.694457653156324568e+02
-1.701621674919703366e+02
-1.764941763707346638e+02
-1.626501177776353870e+02
-6.889047406588922229e+01
-1.629057874598833564e+02
-1.430263494267645683e+02
-1.707556270561530880e+02
-1.252731772493836218e+02
-1.579264570293781560e+02
-1.735496213364550044e+02
-1.693048695480022445e+02
-1.763283066379211164e+02
-1.097925082305823139e+02
-1.727082698470208868e+02
-1.522714257878737385e+02
-1.543838515734893235e+02
-1.737922430366530477e+02
-1.721146408919601356e+02
-1.739607635285402125e+02
-1.731316793972405890e+02
-1.758244477378660804e+02
-1.745122749316092552e+02
-1.702422791512262563e+02
-1.738660256105181361e+02
-1.470457506851322478e+02
-1.725637770416468868e+02
-1.676683901342393597e+02
-1.620823061692929627e+02
-1.716367915652965621e+02
-1.763505592794645622e+02
-1.654799111832381300e+02
-1.753309311373257628e+02
-1.565611929967095080e+02
-1.735578599863024181e+02
-1.143392455837366555e+02
-1.586036409452709961e+02
-1.766667608423074967e+02
-9.251424751073624009e+01
-1.602159346233484030e+02
-1.726101424760344685e+02
-1.577243229137067146e+02
-1.760095044148873740e+02
-1.617176106702362404e+02
-1.663865348447411066e+02
-1.772854017714156214e+02
-1.698073345556927620e+02
-1.746294057005624722e+02
-1.436677233300810599e+02
-1.263073165352411706e+02
-1.691901237454674174e+02
-1.746850413385090803e+02
-1.236231813823490313e+02
-1.723925043928983598e+02
-1.762892401789142127e+02
-1.762348387215441505e+02
-1.757970823653293451e+02
-1.742637202267919463e+02
-1.549983633897381594e+02
-1.748309887067538853e+02
-1.741533332202623967e+02
-1.734578910357862753e+02
-1.764358789476608251e+02
-1.738315360848714022e+02
-1.635023439410250035e+02
-8.067011838980845084e+01
-1.483995303863472373e+02
-1.702712303543600001e+02
-1.736364105854860327e+02
-1.522034523469565102e+02
-1.746925563722947459e+02
-1.250795570621040156e+02
-1.382275023835250920e+02
-1.761352596067864908e+02
-1.679440707704443980e+02
-1.717081942204553968e+02
-1.752224958130360335e+02
-1.728324991686120882e+02
-1.747457472223119623e+02
-1.679664980437788131e+02
-1.743392474858833623e+02
-1.769779379941527679e+02
-1.521251066386250841e+02
-1.757791346521313756e+02
-1.779220907203328181e+02
-1.255533760831721253e+02
-1.259702180891829641e+02
-1.773070921985124073e+02
-1.358691548042177146e+02
-1.385487616015159915e+02
-1.560756574140559962e+02
-1.732077608706311764e+02
-1.747018123660680260e+02
-1.434567258428407683e+02
-1.754050282639287559e+02
-1.617185923264293592e+02
-1.773450110173137375e+02
-1.535920173153249664e+02
-1.715468786178605285e+02
-1.038703729082696299e+02
-1.665304913871673023e+02
-1.761389743337747973e+02
-1.626752316202274073e+02
-1.473673471610415220e+02
-1.647253135108892650e+02
-1.545909885541829851e+02
-1.607450175585031786e+02
-1.705507618561176173e+02
-1.380450606608356736e+02
-1.609567598023310211e+02
-1.750013598096297756e+02
-1.645417643773073735e+02
-1.760024807153300515e+02
-1.681341500870021548e+02
-1.750607795499933559e+02
-6.382291881702964531e+01
-1.714187330716886493e+02
-1.743078483219726138e+02
-1.015233650074089695e+02
-1.488244992959276090e+02
-1.754577216190598392e+02
-1.715740652877829859e+02
-1.769931743702895233e+02
-1.753237734924418589e+02
-1.671282042379271786e+02
-1.593745247382798595e+02
-1.723887510230207454e+02
-1.693980728717460806e+02
-1.694626353300503467e+02
-1.696468887405619341e+02
-1.132896307363803459e+02
-1.383969151666925086e+02
-1.773045889414778742e+02
-6.589530252020945511e+01
-1.584050732763031419e+02
-1.749440528537957960e+02
-1.573228847699136566e+02
-1.722112470457856546e+02
-1.751104346667983975e+02
-1.696005913237548555e+02
-1.706051717490173587e+02
-1.726657131631237689e+02
-1.751529793776856820e+02
-1.742793984641361078e+02
-1.763708792214310961e+02
-7.955233860684801073e+01
-1.711995773850637477e+02
-1.249784435707591825e+02
-1.425564916106982309e+02
-1.771528087554948172e+02
-1.318666946799464199e+02
-1.562751597995760449e+02
-5.569867836052983989e+01
-1.747809585245307176e+02
-1.644797365888616412e+02
-1.599014819498909503e+02
-1.745535991737374104e+02
-1.746406632305558730e+02
-9.971106677128811668e+01
-1.626320858343131306e+02
-1.694924089456250442e+02
-1.773977579244525487e+02
-1.704675230208415542e+02
-1.711484000551610904e+02
-1.761297314177936641e+02
-1.759709610838922060e+02
-1.682258807713514273e+02
-1.757159347223481234e+02
-1.775009055784693714e+02
-1.702915371260156974e+02
-1.771502051809645479e+02
-1.769017062975845249e+02
-1.230990583073419771e+02
-1.356414176450985565e+02
-1.710530740773178593e+02
-1.758098551395844140e+02
-1.708003817207083443e+02
-1.759740837591491243e+02
-1.551387062655425950e+02
-1.542628886631382557e+02
-1.486989921630234903e+02
-1.700159051356054363e+02
-1.731416590206812600e+02
-1.724990989349520021e+02
-1.548089369614075679e+02
-1.568489332157899128e+02
-1.652029108138588640e+02
-1.722146145663728589e+02
-1.715286982119372681e+02
-1.771899218778096383e+02
-1.742148680989405136e+02
-1.653183507543609210e+02
-1.778098291976119185e+02
-1.750340112524098970e+02
-1.131045668891588036e+02
-1.717795907203986872e+02
-1.626247830683863924e+02
-1.583972577798352575e+02
-1.747728355040259487e+02
-1.721260210718337760e+02
-1.689262669299681079e+02
-1.649701496791242334e+02
-1.480104054518740782e+02
-1.680359691585657629e+02
-1.722843873955657443e+02
-1.723007543476479384e+02
-1.689794595133506050e+02
-1.704939004132590696e+02
-1.617262526064302222e+02
-1.686711646677049430e+02
-1.750565909584865665e+02
-1.713476444032708628e+02
-1.749688076775240688e+02
-1.379712787509284055e+02
-1.389780561064895608e+02
-1.628448765246810694e+02
-1.482629361891774522e+02
-1.629610569414196277e+02
-1.675769459558524090e+02
-1.724002300917923378e+02
-2.224509024233281806e+01
-1.729554322431763467e+02
-1.591269542475259016e+02
-1.737679467138947587e+02
-1.203971601793516157e+02
-1.724569143259417103e+02
-1.442228271095834486e+02
-1.606775936324787324e+02
-1.676444613257395702e+02
-1.415121519925691302e+02
-1.069909244117197744e+02
-1.736017994521551486e+02
-1.696442916641106535e+02
-1.603191263734162817e+02
-1.756237589549633356e+02
-1.635444163193947986e+02
-1.591838083133777104e+02
-1.673210554532068670e+02
-1.277409384104717276e+02
-1.657966327719948083e+02
-1.742913860402417754e+02
-1.744586563267671693e+02
-1.723973322560547672e+02
-1.593309861206334972e+02
-1.752549977700670638e+02
-1.731551163354477296e+02
-1.757925769353281851e+02
-1.736991114176325368e+02
-1.258284747249740150e+02
-1.733903126769827452e+02
-1.696138179757654143e+02
-1.197060057038559506e+02
-1.560091774782241316e+02
-1.351177097042755406e+02
-1.675300056292334432e+02
-1.667310401457198736e+02
-1.747806131821095335e+02
-1.769726201192413839e+02
-1.591038763798841842e+02
-1.687253861625734999e+02
-1.619045864737951490e+02
-1.632824323329808749e+02
-1.562286181877908291e+02
-1.668167160164014433e+02
-1.637135094830642856e+02
-1.661571073741872056e+02
-1.588742834205650070e+02
-1.437474888332953640e+02
-1.717327626570739199e+02
-1.741015141588008248e+02
-1.762092133865290293e+02
-1.669396753798857560e+02
-1.701328040825976586e+02
-1.042617316580751918e+02
-1.690339945078764288e+02
-1.280780103716879239e+02
-1.651581949908360230e+02
-7.928768289498752608e+01
-1.725691819494553556e+02
-9.900594668866186510e+01
-1.650993491222768341e+02
-1.740684907581428433e+02
-1.743689979554530964e+02
-1.485555634588999965e+02
-1.754230379156835511e+02
-1.774225719982526925e+02
-1.608511694937574532e+02
-1.683504894604808726e+02
-1.732558254873653425e+02
-1.741008411151000530e+02
-1.663668514206319173e+02
-1.652691191855005002e+02
-1.718783159282572228e+02
-1.724244416592466109e+02
-1.137986587412570998e+02
-1.132217717819275293e+02
-1.202122222881937148e+02
-1.545914050053981157e+02
-1.732320797189748021e+02
-1.569147606035369620e+02
-1.683806135723132797e+02
-1.765090390393014843e+02
-1.743287695865897717e+02
-1.728059807912824226e+02
-1.761367935343857880e+02
-1.731634633083806136e+02
-1.744239508651666313e+02
-1.422040027720583453e+02
-1.685503086981009631e+02
-1.663052456726200603e+02
-1.746854507011581461e+02
-1.546348228072116342e+02
-1.734052699840289904e+02
-1.713736720695129350e+02
-1.673063544039461874e+02
-1.697018615363563470e+02
-1.587675351586705688e+02
-1.488899135604119977e+02
-1.752853347511300228e+02
-1.771647215138945910e+02
-1.721731310886559640e+02
-1.736673503205185796e+02
-1.695969797306407258e+02
-1.575596673801489658e+02
-1.740671595281580437e+02
-1.731419870566609234e+02
-1.725153645681594696e+02
-1.676565392708582465e+02
-1.727961363240750075e+02
-1.736934475907649471e+02
-1.716201529537842703e+02
-1.022643482437273121e+02
-1.182452778622316032e+02
-1.720395582914065926e+02
-1.607489304115931645e+02
-1.700780115159762715e+02
-1.295341718706235099e+02
-1.622940048232015045e+02
-1.755929480903338629e+02
-1.730336911281383721e+02
-1.734985257767673659e+02
-1.704826096853746833e+02
-1.706121423156223500e+02
-1.746335327916157212e+02
-1.740398275956935947e+02
-1.431459609734262699e+02
-1.747651864296738609e+02
-1.706528829143373400e+02
-1.723037460028022565e+02
-1.768373634950304734e+02
-1.529010451670002055e+02
-1.553179014249768386e+02
-1.157989163718594909e+02
-1.535577901618622718e+02
-1.759191718216195000e+02
-1.470639904744632247e+02
-1.060452475349914181e+02
-8.127755574093818325e+01
-1.664043614074062418e+02
-1.687799258973228120e+02
-1.736387849993288910e+02
-1.690545555046272170e+02
-1.553899211255251487e+02
-1.752817463938184233e+02
-1.468966957983725479e+02
-1.662703865102267002e+02
-1.638743226110893545e+02
-1.735663595416401392e+02
-1.664520455681467013e+02
-1.724332318866098319e+02
-1.201463406681543233e+02
-1.704366987001817222e+02
-1.757742507525676956e+02
-1.562890325913900540e+02
-1.708453572791319743e+02
-1.735193684385748440e+02
-1.654415798371034896e+02
-1.602767451757476351e+02
-1.722169501713369471e+02
-1.566890764645803245e+02
-1.775507826340599706e+02
-1.763752098182770283e+02
-1.418075438653688934e+03
-1.638667170667914661e+02
-1.542851534491232997e+02
-1.353564530771902241e+02
-1.137066287126135791e+02
-1.760869407268612861e+02
-1.683672022039720844e+02
-1.685063250790532265e+02
-1.725777264199068384e+02
-1.716010222691171236e+02
-1.371124863032171106e+02
-1.593106798795998316e+02
-1.262910699581673555e+02
-1.707055970589673564e+02
-1.779708548737732201e+02
-1.771636720278795565e+02
-1.740438022757737428e+02
-1.093980879903213435e+02
-1.650218379898759338e+02
-1.477584188552147566e+02
-1.698697751898449440e+02
-1.147179055497668685e+02
-1.748230230578579096e+02
-1.718297660155012352e+02
-1.755103594629634358e+02
-1.575211296274879373e+02
-1.719894040796859258e+02
-1.724431394787905560e+02
-1.724541639378204252e+02
-9.253785087378031449e+01
-1.737099401152301823e+02
-1.596757792772592950e+02
-1.375303403986351611e+02
-1.563829325619908843e+02
-1.652322174330688824e+02
-1.745632446087040250e+02
-1.720929392728202174e+02
-1.622073057173289783e+02
-8.428135637903770316e+01
-1.651952718294887177e+02
-1.691513974913719949e+02
-9.148920865115806578e+01
-1.754346968626013563e+02
-1.527229756473659563e+02
-1.343162785263247088e+02
-1.732187185338717370e+02
-1.708033670083983395e+02
-1.549320353669110375e+02
-1.438289497391947975e+02
-1.643677647966522954e+02
-1.715388352586883514e+02
-1.422632185168243382e+02
-1.518485753391181277e+02
-1.539336272105429089e+02
-1.457805644811774641e+02
-1.737612679540301031e+02
-1.235444452777046109e+02
-1.615277175693564971e+02
-1.752132656238201207e+02
-1.444463905046800107e+02
-1.536415861176135422e+02
-1.396761141487155271e+02
-1.269952877602135288e+02
-1.711568633186732598e+02
-1.698597453178588523e+02
-1.737896569073423905e+02
-1.574218822358527632e+02
-1.453715082758489530e+02
-6.276877670797716746e+01
-1.715885565454208006e+02
-1.701212570479471822e+02
-1.672072781147851970e+02
-1.722261661317191113e+02
-1.755266711106246476e+02
-1.082997334498395077e+02
-1.762400264335116162e+02
-1.737309020200523833e+02
-1.758633555871461454e+02
-1.748619210566162394e+02
-1.312861358678883619e+02
-1.359098091373967065e+02
-1.671935532549501886e+02
-1.643934185947772164e+02
-1.642988562854348231e+02
-1.478611996072292811e+02
-1.720070073266693385e+02
-1.740587881438907516e+02
-1.644511296288090705e+02
-1.293999399836720841e+02
-1.735376577798398046e+02
-1.721487080207038787e+02
-1.723523512227002925e+02
-1.763054048986965938e+02
-1.662061711685259411e+02
-1.698220733743572168e+02
-1.670211962025360606e+02
-1.742662008058573804e+02
-1.350682607545367375e+02
-1.727155351700804431e+02
-1.642782727168393819e+02
-1.724219522092693069e+02
-1.663974740504985448e+02
-1.725227748680414663e+02
-1.664238929021838089e+02
-1.735448317216228133e+02
-1.072869806344546078e+02
-1.551692369562992440e+02
-1.563716705965415485e+02
-1.547124389347455349e+02
-1.175066385303500880e+02
-1.617473462116396377e+02
-1.535867065453064413e+02
-1.688986567501969773e+02
-1.648229172912703575e+02
-1.633854415327444940e+02
-1.387577025283924570e+02
-1.694175622133655850e+02
-1.591378154191916394e+02
-1.746007053455907680e+02
-1.663114407691461167e+02
-1.685864181665382091e+02
-1.682883788569029377e+02
-1.723047502526091819e+02
-1.741317374289238842e+02
-1.686001847904084627e+02
-1.717610639053679051e+02
-1.771737220635027086e+02
-1.742974858969167542e+02
-1.754009259025830829e+02
-1.583047894084165534e+02
-1.769029413244351758e+02
-1.453524532279503774e+02
-1.754737580725318935e+02
-1.749136529327969640e+02
-6.438888227701379208e+01
-1.393139361083157155e+02
-1.747313407961700875e+02
-1.758243490367266872e+02
-1.759671253968507756e+02
-1.693394205414488454e+02
-1.643305288013238794e+02
-1.686441034422720691e+02
-1.664462284404936554e+02
-1.742954077579238117e+02
-1.743610374821627431e+02
-1.530337574041665789e+02
-1.761766559291550607e+02
-1.778308675147272027e+02
-1.521236184207120345e+02
-1.672458682221529216e+02
-1.245421541395478613e+02
-1.741057644249140708e+02
-1.751065716867367428e+02
-1.752078962731297906e+02
-9.226170897464963616e+01
-1.553148883544617149e+02
-1.249298002685263782e+02
-1.662200928020567119e+02
-1.737430192094319636e+02
-9.571886199798983341e+01
-1.607838916711068578e+02
-1.762539511473712821e+02
-1.768846583696825405e+02
-1.545347925467216896e+02
-1.737756791857027565e+02
-1.720326290126376136e+02
-1.749141305062273943e+02
-1.525573854163039584e+02
-1.568996721729848218e+02
-1.650559087350129062e+02
-1.338754067820622140e+02
-1.712831999416998201e+02
-1.745730091125325032e+02
-1.580215143219957383e+02
-1.301783258905005312e+02
-1.616148823001398398e+02
-1.277158603753425723e+02
-1.595749661914527451e+02
-1.664180088671748194e+02
-1.740887387151087751e+02
-1.427836725065008636e+02
-1.728305290098411433e+02
-1.673667512888550846e+02
-1.767799812235222987e+02
-1.705370462127790461e+02
-1.553973172537173184e+02
-1.750912841178194412e+02
-1.779302162959867246e+02
-1.718778105964919121e+02
-1.598544234088476799e+02
-1.695321074979179343e+02
-1.726405588463161678e+02
-1.727231303250711107e+02
-1.773728542435581801e+02
-1.368431990012064716e+02
-1.042683926679527531e+02
-1.766957899217069041e+02
-1.627862132118684428e+02
-1.738815704821382724e+02
-1.739065138508391613e+02
-1.611143511076930963e+02
-1.162225513194319149e+02
-1.717824962923333203e+02
-1.540618519500115156e+02
-1.345052724106264748e+02
-1.649775082039020333e+02
-1.768992839699331228e+02
-1.623266910339695812e+02
-1.747632823347059343e+02
-1.486791238620365334e+02
-1.620152576107330162e+02
-1.673614171496982976e+02
-1.702537049264983295e+02
-1.617815141014247047e+02
-1.707707881138944970e+02
-1.768543463768353377e+02
-1.688288275172431270e+02
-1.621739865152992195e+02
2.754839019929971400e+01
-1.741407857345144805e+02
-1.592255747105962200e+02
-1.624713485308152201e+02
-1.102667477600832058e+02
-1.730867812633736378e+02
-1.702706881293975130e+02
-1.779625312590941348e+02
-1.770244079665220056e+02
-1.713624081530072090e+02
-1.743670951530259856e+02
-1.771171603159652648e+02
-1.484472474211631834e+02
-1.682779946300846063e+02
-1.477034921364602837e+02
-1.704927439864969472e+02
-1.739503317062865904e+02
-1.415921487027670764e+02
-1.678447582782893051e+02
-5.035461391869330328e+01
-8.184337773708980990e+01
-1.749170672161510538e+02
-5.328063473916631665e+01
-1.681183261109167120e+02
-1.495078646672787102e+02
-1.556798270008582108e+02
-1.575006861267808915e+02
-1.722273901406795744e+02
-1.704182667358792003e+02
-1.587091465175884935e+02
-1.755542903789987008e+02
-1.527984098299114635e+02
-1.712609446470462160e+02
-1.719600107650000211e+02
-1.740236041047596416e+02
-1.742046276053843030e+02
-1.742155120863232867e+02
-1.493684961278045193e+02
-1.736770344228647502e+02
-1.019381636369724902e+02
-7.250341237217990908e+01
-1.668586790322108016e+02
-1.728997359700982770e+02
-1.599491802578310455e+02
-1.658331414369072832e+02
-1.702019978017943345e+02
-1.731711498201576092e+02
-1.706740056057972765e+02
-1.669324302667226050e+02
-1.475178316741578897e+02
-1.685710463702177435e+02
-1.585000962417572623e+02
-1.735427652399876024e+02
-8.402465911594045167e+01
-1.729556275665052567e+02
-1.694936364158738229e+02
-1.723602944630198692e+02
-1.668866100913670607e+02
-1.691110291144852908e+02
-1.619268342962021165e+02
-1.756971819194775151e+02
-1.731564037033994055e+02
-1.727187853170751453e+02
-1.774995828710906665e+02
-1.637216166447732633e+02
-1.774331955682590944e+02
-1.743954712190258647e+02
-1.728331337762301132e+02
-1.055038666424985649e+02
-1.749326416964803173e+02
-1.638368513379539593e+02
-1.614024494503826475e+02
-1.727349618765315995e+02
-1.733815107786560361e+02
-1.332808162773014544e+02
-1.692258869218061079e+02
-1.629561534578214435e+02
-1.756491809120792880e+02
-1.733044713202570506e+02
-1.304974845745277889e+02
-1.732048210422826457e+02
-1.710728708695035323e+02
-1.693959311315805678e+02
-1.762833669413831785e+02
-1.775828221852871422e+02
-1.569586041111580244e+02
-1.001245734232911673e+02
-1.582862088590618157e+02
-1.722682306405560553e+02
-1.752544988846790943e+02
-1.756884062529269670e+02
-1.077889209957380103e+02
-1.755702994850278174e+02
-1.077558345980002485e+02
-1.672919797498186369e+02
-1.715368594726027993e+02
-1.708693952760392847e+02
-1.742584407117714136e+02
-1.721333584887394466e+02
-1.715730460798771446e+02
-1.757832318868518939e+02
-1.746201614294542708e+02
-1.689541712484952996e+02
-1.685762578594943193e+02
-1.686857209279016843e+02
-1.671183878038896182e+02
-1.754987489849664541e+02
-1.757097474899125871e+02
-1.623740022953182631e+02
-1.495636804010625838e+02
-1.706759515273866725e+02
-1.688299462834470148e+02
-1.704114865265251240e+02
-1.656212863175290977e+02
-1.754741820368107312e+02
-1.751073134990522817e+02
-1.619701131702843497e+02
-1.756262667045976684e+02
-1.520271965696040581e+02
-1.770793222360674122e+02
-1.658611498117746805e+02
-1.768437683532468725e+02
-1.567286372129721030e+02
-1.639301573493052331e+02
-1.744487962755989656e+02
-1.202195603608937802e+02
-1.196592618760977444e+02
-1.745307368719746250e+02
-1.725173987417160220e+02
-1.641417344934906453e+02
-1.358530338321806425e+02
-1.470095082917953846e+02
-1.620228354456764919e+02
-1.384823065749868647e+02
-1.736947326321430864e+02
-1.743406941901058929e+02
-1.695096225636565634e+02
-1.717293461668764394e+02
-1.713923156132263443e+02
-1.683357812655102634e+02
-1.704538587634843623e+02
-1.648804044490659635e+02
-1.628508457558185967e+02
-1.671271306589509607e+02
-1.652869410351535180e+02
-1.642325572454549558e+02
-1.387138874267372444e+02
-1.757718853511359214e+02
-1.751257576322866214e+02
-1.699180134097797179e+02
-1.671051679247930508e+02
-1.719336285316769306e+02
-1.705490610329244134e+02
-1.767432640840180511e+02
-1.654377195999495598e+02
-1.681951533531583323e+02
-1.766820910650723988e+02
-1.573507533843812212e+02
-1.694731384189239805e+02
-1.745140401206149647e+02
-9.102884960068770681e+01
-1.738706850515218889e+02
-1.557859283827995398e+02
-1.721321029227346173e+02
-7.070325594902185173e+01
-1.603902781776919255e+02
-1.732591548793584479e+02
-1.672984195937140157e+02
-1.374548339208792811e+02
-1.553793229600687482e+02
-1.598952728531067748e+02
-1.736716359614336227e+02
-1.641985381094327465e+02
-1.738763027578113167e+02
-1.589224457588287009e+02
-1.768573403640054380e+02
-1.629867191533051027e+02
-1.738036059046429216e+02
-1.713240514376973920e+02
-1.699996285008346035e+02
-1.649029044421083938e+02
-1.757955411341940248e+02
-1.726537607196385977e+02
-1.586298937802901321e+02
-1.705969164022635027e+02
-7.662374129261611699e+01
-1.745725351772643990e+02
-1.950496627763600088e+01
-1.712768107626840504e+02
-1.758914454165764312e+02
-1.715371520766367439e+02
-1.752189176599941902e+02
-1.577922041379578673e+02
-1.744425054140420457e+02
-1.727131830695741144e+02
-1.750881381686641021e+02
-1.741566877991143656e+02
-1.648012156122654233e+02
-1.748134283095400576e+02
-1.768334393002348577e+02
-1.743375439143401593e+02
-1.727467309533708999e+02
-1.738424785968122421e+02
-1.779054295533026675e+02
-1.735721196859297208e+02
-1.736411522892308881e+02
-1.698416156013054774e+02
-1.541280543487539205e+02
-1.302216109578941996e+02
-1.756678173753900865e+02
-1.749588814074479615e+02
-1.602066226339849493e+02
-1.566186302678711399e+02
-1.658332291473678879e+02
-1.754197549599207093e+02
-1.734503819340827704e+02
-1.464977505005377054e+02
-1.745399991570203326e+02
-1.669472848643923157e+02
-1.712464720509769336e+02
-1.379109789916196291e+02
-1.729678928157572955e+02
-1.687009859222531531e+02
-1.698963870573335555e+02
-1.701756303197635987e+02
-1.748294555601213744e+02
-1.313188432790472575e+02
-1.679955924332257950e+02
-1.667292151651356278e+02
-1.737111388448130356e+02
-9.707587104309492076e+01
-1.562836778940310865e+02
-1.572037127388378508e+02
-1.758141770396713639e+02
-1.765959747264063822e+02
-1.763125951918014493e+02
-1.699521683741564004e+02
-1.278368424697207644e+02
-7.772494170325164475e+01
-6.779881622573887512e+01
-1.775478921508388623e+02
-1.756494759460900070e+02
-1.653929668646815685e+02
-1.634362228444617529e+02
-1.664594568068215494e+02
-1.737187811952316565e+02
-1.373325866712037850e+02
-1.046072953812881394e+02
-1.779695198695691829e+02
-1.359587217942552115e+02
-1.766135281139671918e+02
-1.015233962542435364e+02
-1.639840432434288289e+02
-1.750450787217565107e+02
-1.392630959628607172e+02
-1.668380377401021804e+02
-1.667365500867572337e+02
-1.720374971704144400e+02
-1.582582115891610783e+02
-1.735676479653936042e+02
-1.173376710179767173e+02
-1.651204400145110753e+02
-1.665346351424733768e+02
-8.108266802008616025e+01
-1.753794426901908423e+02
-1.744353081330532689e+02
-1.762616772517149286e+02
-1.731484432954163992e+02
-1.761390112106451511e+02
-1.757219930027463874e+02
-1.453452709132239136e+02
-1.401629629338106042e+02
-1.217812744262105156e+02
-1.621969628082791814e+02
-1.671567606228976786e+02
-1.305289455681498509e+02
-1.758437452065604418e+02
-1.741275415202753720e+02
-1.278176315794932947e+02
-1.661113543211575632e+02
-1.764793564975146865e+02
-1.720347691173988096e+02
-1.586506218658356318e+02
-1.761328852609721025e+02
-1.763714035739552344e+02
-1.707314890410752639e+02
-1.757006498119832258e+02
-1.639673875703775252e+02
-1.612687739764104151e+02
-1.751570686666814822e+02
-1.716048016421952127e+02
-1.728442980636881998e+02
-1.375143497337623728e+02
-1.740670488594510914e+02
-1.583993555926603278e+02
-1.741512289474542854e+02
-1.738065647129331808e+02
-9.357968554776894621e+01
-1.709762954182848489e+02
-1.747607792246128611e+02
-1.698612521401965125e+02
-1.397548842349388281e+02
-1.758863547132001202e+02
-1.711041003432110017e+02
-1.739118492770945181e+02
-1.774743706402901751e+02
-1.494999773626842341e+02
-1.278639335487652460e+02
-1.761569857869233715e+02
-1.726767007343987075e+02
-1.674443252387406460e+02
-1.082232740864889422e+02
-1.684734713767619212e+02
-1.253691082669527930e+02
-1.734541773509940583e+02
-1.728599773132959285e+02
-1.638602373092350604e+02
-1.661667573289650477e+02
-1.719776331170975823e+02
-1.514116413572483566e+02
-1.699485107557039214e+02
-1.698530761472866004e+02
-1.390498275820534104e+02
-1.662377199596850232e+02
-1.759580031171072960e+02
-1.472305826233163657e+02
-1.758739118280200842e+02
-1.222864712937895604e+02
-1.746197423768306578e+02
-1.758565125929611099e+02
-1.741926557547386096e+02
-1.755873834435260505e+02
-1.645758244011582008e+02
-1.739152010939908450e+02
-1.741495286222294396e+02
-1.728191200348788072e+02
-1.766088907794934357e+02
-1.699134890597018739e+02
-1.758920311906410916e+02
-1.382974959678082314e+02
-1.765560754819781835e+02
-1.507192944543268425e+02
-1.694815927462170180e+02
-1.750104506738280747e+02
-1.727807156424995298e+02
-1.765638560118150053e+02
-1.754153853310626801e+02
-1.676440004083985400e+02
-1.748014087954306035e+02
-1.030052767987654363e+02
-1.725082151057393389e+02
-1.772665076761442435e+02
-1.741692314262877517e+02
-1.699603704437375598e+02
-1.747472985216600989e+02
-1.558199906515897339e+02
-1.632220097088219575e+02
-1.751995588541145707e+02
-1.733749773738520616e+02
-1.576945687978112289e+02
-1.131041498148029376e+02
-1.399827860991352964e+02
-7.858822431537652164e+01
-8.072303111224910310e+01
-1.581967805518531520e+02
-1.688408924226656040e+02
-1.707749531539467114e+02
-1.697956772332946969e+02
-1.644675690910715957e+02
-1.699510192237189017e+02
-1.696095261633080042e+02
-1.717561194223744110e+02
-1.758394702651623618e+02
-5.395382199634252629e+01
-1.758318712488759843e+02
-1.627867916062052416e+02
-1.720271356514977583e+02
-1.570134799310149560e+02
-1.605990469707826662e+02
-1.767871624878892760e+02
-7.803812951801593556e+01
-1.721288612439232395e+02
-1.670851684676465823e+02
-1.330395920532074854e+02
-1.777261417010030584e+02
-7.085502573209201671e+01
-1.757315834625498496e+02
-1.725148051483221536e+02
-1.718021899914618871e+02
-1.730532408055641156e+02
-1.378428335393679163e+02
-1.552029435015245156e+02
-1.577428629371442810e+02
-1.657012722792295847e+02
-1.471497621727618252e+02
-1.651485330059043974e+02
-1.716679652801529414e+02
-1.753614321921619421e+02
-1.702449662973652664e+02
-1.693657974358980312e+02
-7.285339994837984534e+01
-1.203448269750779644e+02
-1.719336487252464849e+02
-1.664631233968679851e+02
-1.715247295510157244e+02
-1.753650053110973772e+02
-1.716692803520167274e+02
-1.743740468186022383e+02
-1.742405799525575105e+02
-1.752400092379553200e+02
-1.639395395222755099e+02
-1.507541002470287594e+02
-1.690413015595964623e+02
-1.682951733576769300e+02
-1.252254714746392352e+02
-1.700242365898848504e+02
-1.701072123182694611e+02
-1.749332427470170899e+02
-1.678310786954794764e+02
-1.453399997657045901e+02
-1.771826522417454157e+02
-1.743116818919682487e+02
-1.536481587993320659e+02
-1.697514885628476122e+02
-1.713765028346262511e+02
-1.748011017530352547e+02
-1.414136173650949218e+02
-1.766860355241872185e+02
-1.745904183586604006e+02
-1.734629869365373338e+02
-1.675323469730788588e+02
-1.462811773594839337e+02
-1.722558929573155240e+02
-1.734507224219926798e+02
-6.198434725299483716e+01
-1.654915852814556274e+02
-1.754648711032490667e+02
-1.647728525124909993e+02
-1.724132225054708840e+02
-1.728356659562468565e+02
-1.699597683618892461e+02
-1.214420219213923389e+02
-1.703351094504058949e+02
-1.763517127483490299e+02
-1.767107950446007010e+02
-1.156894457060331689e+02
-1.619490539521034407e+02
-1.738333366105830180e+02
-1.669484668671361760e+02
-1.724498085514018157e+02
-1.772509055218353637e+02
-1.725843443187855542e+02
-1.440749968494826589e+02
-1.648081132197021930e+02
-1.645198303212291933e+02
-1.734758833321191105e+02
-1.539253181920512361e+02
-1.526228985288692286e+02
-1.684542464264112880e+02
-1.737449957900900017e+02
-1.556170396147350630e+02
-1.697994952465409426e+02
-1.737120825003055415e+02
-1.763418638620125307e+02
-1.682748859686915068e+02
-1.575658718401129761e+02
-1.755784840767357480e+02
-1.749104979929996659e+02
-1.755007223410752317e+02
-1.666374949707756912e+02
-1.094763614143269450e+02
-1.698191011671804915e+02
-1.390630818944378575e+02
-1.645218179769213691e+02
-1.670279120379142057e+02
-1.468042575526793030e+02
-1.489924001736704611e+02
-1.634992443954462260e+02
-1.137489901384891482e+02
-1.619659364374995505e+02
-1.748378224327408361e+02
-1.750527272165060992e+02
-1.721407767914900830e+02
-1.617119759268980488e+02
-1.657293865227154015e+02
-1.533707010773033517e+02
-1.703220887504916163e+02
-1.675779210105632444e+02
-1.750743606493548441e+02
-1.687482683776285626e+02
-1.728947256573196682e+02
-1.700230558579127376e+02
-1.741695434483667384e+02
-1.739799398956822643e+02
-1.503079597552911935e+02
-1.636786292835483891e+02
-1.698061597394759588e+02
-1.301484431844792482e+02
-1.750850355944580485e+02
-1.736796187507816569e+02
-1.488136038270309314e+02
-1.637765177195175568e+02
-1.495393953057221665e+02
-1.771439955807697118e+02
-1.696905213082396529e+02
-1.568968212034174030e+02
-1.705455654909293912e+02
-1.714020030544095903e+02
-1.668418034340165264e+02
-1.686068189698594324e+02
-1.422105051286708601e+02
-1.468000919738416599e+02
-1.375306542221079269e+02
-1.774194038201160879e+02
-1.759431220237109983e+02
-1.755290765617744171e+02
-1.766742889457218837e+02
-1.736266385304979565e+02
-1.601910599987720332e+02
-1.714254221609954811e+02
-1.642017474475118490e+02
-1.738410654850457604e+02
-1.541409985411352750e+02
-6.241746127600428906e+01
-1.710086372281456590e+02
-1.756021103218343171e+02
-1.757712022936450751e+02
-1.762903315731848863e+02
-1.720998317890066858e+02
-1.745768408457595910e+02
-5.130999789955243529e+01
-1.539939451280095568e+02
-1.756207751775052657e+02
-1.755745917709633659e+02
-1.752787890767121155e+02
-1.706887384951006936e+02
-1.695905021935334105e+02
-1.774535534483400170e+02
-1.693105352361286577e+02
-1.018170503401754274e+02
-1.691059097030967280e+02
-1.716862761537876736e+02
-1.682992242976664272e+02
-1.747472483084894748e+02
-1.660286732376608256e+02
-1.604334079388209773e+02
-1.569163719720197321e+02
-1.694844139057110510e+02
-1.757595003418528279e+02
-1.584775223262635713e+01
-1.772379566817492957e+02
-1.722864124533080030e+02
-1.757014122804619092e+02
-1.616459789060916705e+02
-1.763964384681530078e+02
-1.762632267986498107e+02
-1.702659434949864021e+02
-1.743005293788768881e+02
-1.455663178728116804e+02
-1.637836426345463678e+02
-1.738239424346703572e+02
-1.058633722445134850e+02
-1.351637963525710120e+02
-1.022540638418786045e+02
-1.674000850544186676e+02
-1.704040075342202556e+02
-1.730410024819785235e+02
-1.736808979879711785e+02
-1.253369042065702814e+02
-1.754521553259631617e+02
-1.727323350008914815e+02
-1.720239663141560982e+02
-1.776705372445837270e+02
-1.320236414047174947e+02
-1.536917905588316557e+02
-1.446408829774289018e+02
-1.494974543746736799e+02
-1.612191643951387050e+02
-1.728242061340885982e+02
-1.514960153944054468e+02
-1.607451168882255956e+02
-1.734057012001422038e+02
-1.680804588114325213e+02
-1.674404967844855889e+02
-1.727786455417500235e+02
-1.583098553140567901e+02
-1.473444878552523676e+02
-1.740847328834339010e+02
-1.322124364935175151e+02
-1.479315759332625646e+02
-1.731945676097123794e+02
-1.582633588432398142e+02
-1.543619976549429964e+02
-1.774470277742908308e+02
-1.689998099946556636e+02
-1.476459788611763315e+02
-1.768910428111959732e+02
-1.662381468328609913e+02
-1.619336119748972749e+02
-1.651055412201081651e+02
-1.624056394636168648e+02
-1.650908675019636291e+02
-1.755196938282496149e+02
-1.688570733767608942e+02
-1.670872849774149813e+02
-1.664749968021613142e+02
-1.662673318471080108e+02
-1.708146641091893514e+02
-1.781225361409258028e+02
-1.615767929639091278e+02
-1.515808040024708703e+02
-1.661410224055349545e+02
-1.743741876456883233e+02
-1.714798030873747621e+02
-1.719076867527325589e+02
-1.729364237594015492e+02
-1.745112220768246516e+02
-7.862879334902378048e+01
-1.716306286788881152e+02
-1.641635637721269063e+02
-1.626015939714831973e+02
-1.590345070384020971e+02
-1.697033952789182649e+02
-1.443227935457674960e+02
-1.739596467868634875e+02
-1.728829483735263750e+02
-1.438538890125821013e+02
-1.659341049799094492e+02
-1.675201978021572984e+02
-1.654355863633421677e+02
-1.480525528003335012e+02
-1.691653537704394239e+02
-1.739192694465462239e+02
-1.708281317751670656e+02
-1.073833475131205688e+02
-1.692951567022689972e+02
-1.769731898821265190e+02
-1.773703098483502458e+02
-1.728065972244157535e+02
-1.772052136672129166e+02
-1.759908248133663733e+02
-1.677070095863657855e+02
-1.325567153168515233e+02
-1.750592135837081571e+02
-1.677143302111251444e+02
-1.687730748322406669e+02
-1.744401776214668587e+02
-1.593703322038431907e+02
-1.740265039867934718e+02
-1.764984583544394638e+02
-1.375670617232505890e+02
-1.529633887544652850e+02
-1.435538709698681430e+02
-1.164755741311133193e+02
-1.664543425737597602e+02
-1.744533775029158562e+02
-1.393328246796757526e+02
-1.332366332151210031e+02
-1.742018116895243338e+02
-1.674168258147529400e+02
-1.630445909059462508e+02
-1.489985123543821715e+02
-1.741083460779517509e+02
-1.746314476729022545e+02
-1.699357055427555565e+02
-1.735846639226381285e+02
-1.643087620190778750e+02
-1.202582846095100706e+02
-1.402755482094390231e+02
-1.543336572957238673e+02
-1.693997400616661366e+02
-1.757315289635859017e+02
-1.630005371985315321e+02
-1.694777767030751079e+02
-1.711771532682500947e+02
-1.575989026749215896e+02
-8.890044219526404845e+01
-1.620944880047622974e+02
-1.761277564807033400e+02
-1.692901068377408649e+02
-1.456949718365200397e+02
-1.773679953567005612e+02
-1.625162894600289576e+02
-1.758433979348520211e+02
-1.570089752983074050e+02
-1.761986357602267788e+02
-1.512965213818288532e+02
-1.733446425098349266e+02
-1.723665971179914891e+02
-1.773571351891349650e+02
-1.736040931243734065e+02
-1.725249352235161666e+02
-1.657842087606321115e+02
-1.741006460067411012e+02
-1.687837823929111494e+02
-1.705301664179155807e+02
-1.685234490192409567e+02
-1.756057004206746228e+02
-1.645704020590147252e+02
-1.656784858618590022e+02
-1.750596806426590319e+02
-1.669583443852930600e+02
-1.616071151446992360e+02
-1.768993998278514255e+02
-1.609878282553828512e+02
-1.728237747764761991e+02
-1.650302110966239582e+02
-1.641689213947098551e+02
-8.175504020101108438e+01
-1.420478526007481150e+02
-1.766910990787636706e+02
-1.736958736137225117e+02
-1.753050339279105856e+02
-1.732996858225075414e+02
-1.757489349552320164e+02
